NAME	StromalScore	ImmuneScore	ESTIMATEScore
ITCC.P4_s01_EP0027_TP01_F01_R01_A03	-469.32275	  63.81693	-405.50581
ITCC.P4_s01_EP0027_PP01_F01_R01_A03	-1744.863	-2317.842	-4062.706
ITCC.P4_s01_EP0035_PP01_F01_R01_A03	-2027.851	-2551.441	-4579.292
ITCC.P4_s01_EP0076_PR03_F01_R01_A03	-2116.746	-2456.130	-4572.876
ITCC.P4_s01_EP0076_TP02_F01_R01_A03	-1008.67627	  -27.34573	-1036.02200
ITCC.P4_s01_EP0076_PP03_F01_R01_A03	-2115.795	-2613.805	-4729.601
ITCC.P4_s01_EP0077_PP02_F01_R01	-2295.548	-2434.273	-4729.821
ITCC.P4_s01_EP0077_TP01_F01_R01	-1713.433	-1532.469	-3245.903
ITCC.P4_s01_EP0191_PR01_F01_R01_A03	-2367.226	-2336.577	-4703.804
ITCC.P4_s05_EP0191_PR04_F01_R01_03	-2367.262	-2347.586	-4714.849
ITCC.P4_s01_EP0233_PR01_F01_R01_A03	-2322.854	-2584.972	-4907.826
ITCC.P4_s05_EP0233_PR05_F01_R01_03	-1932.437	-2389.545	-4321.982
ITCC.P4_s01_EP0307_PM01_F01_R01_A03	-2380.24	-2552.86	-4933.10
ITCC.P4_s01_EP0706_PU01_F01_R01_A03	-1590.977	-2301.961	-3892.938
ITCC.P4_s05_ES0014_P01_PP01_F01_R01_03	-1456.663	-1305.952	-2762.615
ITCC.P4_s05_ES0059_PP01_F01_R01_03	-1340.425	-1362.329	-2702.754
ITCC.P4_s05_ES0180_PR05_F01_R01_03	-1664.641	-1742.895	-3407.536
ITCC.P4_s13_ES0202_PP05_F01_R01_03	-1917.697	-1629.040	-3546.738
ITCC.P4_s13_ES0202_PR06_F01_R01_03	-1630.838	-1254.059	-2884.897
ITCC.P4_s05_ES0222_PR08_F01_R01_03	-2089.081	-1695.357	-3784.438
ITCC.P4_s04_ES0412_PM01_F01_R01_03	-2156.004	-1900.361	-4056.364
ITCC.P4_s04_ES0413_PM01_F01_R01_03	-1470.6920	 -974.3648	-2445.0568
ITCC.P4_s05_ES0427_PR08_F01_R01_03	-1515.857	-1580.610	-3096.467
ITCC.P4_s13_ES0439_PM07_F01_R01_03	-1800.754	-1513.649	-3314.403
ITCC.P4_s05_ES0451_PR01_F01_R01_03	-2616.319	-1933.138	-4549.457
ITCC.P4_s13_ES0451_TR01_F01_R01_A03	   55.79146	-1129.75925	-1073.96779
ITCC.P4_s13_ES0455_TM01_F01_R01_A03	 -365.3024	 -869.9016	-1235.2041
ITCC.P4_s04_ES0472_PM01_F01_R01_03	-1704.678	-1589.318	-3293.996
ITCC.P4_s01_HG0048_PP01_F01_R01_A03	-1487.022	-2291.675	-3778.696
ITCC.P4_s01_HG0067_PP09_F01_R01_A03	-1840.905	-1133.385	-2974.289
ITCC.P4_s07_HG0067_TP01_F01_R01_A03	 704.3975	1696.0914	2400.4889
ITCC.P4_s07_HG0068_PT01_F01_R01_A03	-454.2954	1050.7666	 596.4712
ITCC.P4_s01_HG0068_TT01_F01_R01_A03	-470.7135	1028.6798	 557.9663
ITCC.P4_s01_HG0074_TP01_F01_R01_A03	-1596.4846	 -740.8934	-2337.3779
ITCC.P4_s01_HG0074_PP04_F01_R01_A03	-2289.498	-1856.173	-4145.671
ITCC.P4_s01_HG0078_PP02_F01_R01	-1700.927	-1910.908	-3611.835
ITCC.P4_s01_HG0078_TP01_F01_R01	-831.8759	1708.9799	 877.1041
ITCC.P4_s01_HG0080_PM02_E01_R01_A03	-1871.669	-1964.036	-3835.705
ITCC.P4_s01_HG0113_PP01_F01_R01_A03	-2169.558	-2410.296	-4579.855
ITCC.P4_s02_HG0138_PP01_F01_R01_A03	-2238.006	-2464.528	-4702.534
ITCC.P4_s01_HG0162_TP01_F01_R01_A03	-689.8822	1000.9455	 311.0633
ITCC.P4_s13_HG0230_PR06_F01_R01_03	-2440.297	-1990.589	-4430.886
ITCC.P4_s01_HG0425_PP01_F01_R01	-2352.124	-1560.152	-3912.277
ITCC.P4_s01_HG0425_TP01_F01_R01	-1234.72852	 1143.81630	  -90.91222
ITCC.P4_s01_HG0536_PP01_F01_R01_A03	-2045.116	-2267.557	-4312.674
ITCC.P4_s01_MB0028_TP01_F01_R01_A03	-2133.273	-1644.283	-3777.556
ITCC.P4_s01_MB0028_PP03_F01_R01_A03	-2316.905	-2370.326	-4687.230
ITCC.P4_s01_MB0030_PM02_F01_R01_A03	-2369.517	-2726.704	-5096.221
ITCC.P4_s01_MB0039_PP02_F01_R01_A03	-2689.692	-2503.672	-5193.364
ITCC.P4_s01_MB0039_PP01_F01_R01_A03	-2733.714	-2326.583	-5060.297
ITCC.P4_s01_MB0039_TP01_F01_R01_A03	-2388.254	-1705.439	-4093.693
ITCC.P4_s01_MB0040_PP02_F01_R01_A03	-2615.901	-2810.361	-5426.263
ITCC.P4_s01_MB0040_TP01_F01_R01_A03	-1893.785	-2001.161	-3894.946
ITCC.P4_s01_MB0041_PP01_F01_R01_A03	-2553.480	-2947.849	-5501.329
ITCC.P4_s01_MB0041_PP02_F01_R01_A03	-2470.460	-2875.561	-5346.021
ITCC.P4_s01_MB0042_PP02_F01_R01_A03	-2273.213	-2318.632	-4591.845
ITCC.P4_s01_MB0042_TP01_F01_R01_A03	-1474.2550	 -730.3715	-2204.6265
ITCC.P4_s01_MB0043_PP02_F01_R01_A03	-2622.158	-2687.202	-5309.361
ITCC.P4_s01_MB0043_TP01_F01_R01_A03	-2324.417	-1768.792	-4093.210
ITCC.P4_s01_MB0044_TP01_F01_R01_A03	 -779.9555	-1258.6473	-2038.6028
ITCC.P4_s01_MB0044_PP03_F01_R01_A03	-2489.366	-2795.141	-5284.506
ITCC.P4_s01_MB0045_PP01_F01_R01_A03	-2982.420	-2799.545	-5781.965
ITCC.P4_s01_MB0046_PP02_F01_R01_A03	-2708.847	-2705.639	-5414.485
ITCC.P4_s01_MB0046_TP01_F01_R01_A03	-1614.950	-1573.596	-3188.546
ITCC.P4_s01_MB0047_PP03_F01_R01_A03	-2373.144	-2827.697	-5200.842
ITCC.P4_s01_MB0049_PP02_F01_R01_A03	-2678.776	-2929.615	-5608.391
ITCC.P4_s01_MB0050_PP01_F01_R01_A03	-2646.302	-2755.430	-5401.732
ITCC.P4_s01_MB0051_TP01_F01_R01_A03	  -4.483452	-629.826841	-634.310293
ITCC.P4_s01_MB0051_PP02_F01_R01_A03	-2475.324	-2373.796	-4849.120
ITCC.P4_s01_MB0052_PP02_F01_R01_A03	-2571.006	-2404.376	-4975.382
ITCC.P4_s01_MB0053_TP01_F01_R01_A03	-1888.468	-1564.068	-3452.536
ITCC.P4_s01_MB0053_PP01_F01_R01_A03	-2034.277	-2687.899	-4722.177
ITCC.P4_s07_MB0072_TR01_F01_R01_A03	-2105.191	-1944.232	-4049.423
ITCC.P4_s01_MB0079_PP02_F01_R01	-2250.826	-2576.871	-4827.698
ITCC.P4_s01_MB0079_TP01_F01_R01	-1262.6613	 -893.7581	-2156.4194
ITCC.P4_s01_MB0114_PP02_F01_R01_A03	-2403.474	-2738.600	-5142.074
ITCC.P4_s01_MB0422_PP02_F01_R01_A03	-2452.383	-2675.167	-5127.550
ITCC.P4_s01_MB0642_PP07_F01_R01_A03	-2640.410	-2575.152	-5215.562
ITCC.P4_s01_MB0645_PP01_F01_R01_A03	-2747.304	-2521.368	-5268.672
ITCC.P4_s01_MB0646_TP01_F01_R01_A03	-2632.275	-2475.399	-5107.674
ITCC.P4_s09_NB0017_PP02_F01_R01_03	-2460.428	-2820.665	-5281.092
ITCC.P4_s05_NB0018_PT03_F01_R01_03	-2603.804	-2710.096	-5313.900
ITCC.P4_s05_NB0018_TR01_F01_R01_03	-199.3909	-650.3974	-849.7883
ITCC.P4_s05_NB0021_PT03_F01_R01_03	-2515.501	-2724.190	-5239.691
ITCC.P4_s05_NB0021_TP01_F01_R01_03	1284.223	1514.202	2798.425
ITCC.P4_s05_NB0022_PR02_F01_R01_03	-2874.841	-2825.294	-5700.135
ITCC.P4_s05_NB0022_TR01_F01_R01_03	1073.697	1599.475	2673.172
ITCC.P4_s05_NB0024_PP03_F01_R01_03	-2795.877	-2666.139	-5462.015
ITCC.P4_s05_NB0024_TP01_F01_R01_03	-281.0979	 557.6895	 276.5915
ITCC.P4_s05_NB0025_PT03_F01_R01_03	-2581.728	-2608.596	-5190.323
ITCC.P4_s05_NB0025_TR01_F01_R01_03	 -255.765	-1224.766	-1480.531
ITCC.P4_s05_NB0026_PP02_F01_R01_03	-2481.453	-2672.745	-5154.199
ITCC.P4_s05_NB0026_TP01_F01_R01_03	1971.895	3258.746	5230.641
ITCC.P4_s05_NB0179_PR07_F01_R01_03	-2225.784	-2168.959	-4394.742
ITCC.P4_s05_NB0211_PR07_F01_R01_03	-2449.753	-2800.226	-5249.979
ITCC.P4_s05_NB0219_PR05_F01_R01_03	-2971.667	-2607.588	-5579.255
ITCC.P4_s13_NB0241_PR09_F01_R01_03	-2404.264	-2774.733	-5178.997
ITCC.P4_s05_NB0453_PR01_F01_R01_03	-2664.269	-2649.894	-5314.163
ITCC.P4_s13_NB0453_TR01_F01_R01_A03	275.28503	 35.64932	310.93435
ITCC.P4_s05_NB0457_PR01_F01_R01_03	-2598.398	-2626.905	-5225.303
ITCC.P4_s13_NB0457_TR01_F01_R01_A03	-1205.510	-1191.515	-2397.026
ITCC.P4_s15_NB0537_PT03_F01_R01_03	205.6637	136.5401	342.2038
ITCC.P4_s15_NB0542_PP03_F01_R01_03	-2335.323	-2493.895	-4829.218
ITCC.P4_s15_NB0542_TP01_F01_R01_03	1244.512	1749.354	2993.866
ITCC.P4_s05_NS0203_PR06_F01_R01_03	-1003.127	-1860.435	-2863.562
ITCC.P4_s05_OS0011_P01_PP01_F01_R01_03	 -950.1049	-1483.7477	-2433.8526
ITCC.P4_s05_OS0012_PM01_F01_R01_03	 -780.5688	-1597.9811	-2378.5499
ITCC.P4_s05_OS0012_TM01_F01_R01_03	-160.6945	 771.8706	 611.1761
ITCC.P4_s05_OS0012_PM02_F01_R01_03	-1277.246	-1490.223	-2767.469
ITCC.P4_s05_OS0013_PP01_F01_R01_03	 -103.9442	-1415.2510	-1519.1952
ITCC.P4_s05_OS0013_TP01_F01_R01_03	 144.5539	 981.6025	1126.1564
ITCC.P4_s05_OS0015_P01_PP01_F01_R01_03	-1280.296	-1856.745	-3137.041
ITCC.P4_s05_OS0016_P01_PP01_F01_R01_03	 -131.7655	-1169.9480	-1301.7135
ITCC.P4_s05_OS0102_PP01_F01_R01_03	 -520.4663	-1599.7194	-2120.1857
ITCC.P4_s05_OS0186_PM08_F01_R01_03	-1168.0522	 -837.2024	-2005.2546
ITCC.P4_s05_OS0205_PR07_F01_R01_03	 -200.7063	-1336.0227	-1536.7290
ITCC.P4_s13_OS0210_PR05_F01_R01_03	 -253.0035	-1121.5063	-1374.5098
ITCC.P4_s13_OS0215_PR06_F01_R01_03	 -399.2123	-1148.9058	-1548.1181
ITCC.P4_s13_OS0226_PR04_F01_R01_03	 -311.8222	-1531.2826	-1843.1048
ITCC.P4_s13_OS0234_PR02_F01_R01_03	 -326.3168	-1468.2289	-1794.5456
ITCC.P4_s13_OS0262_PR04_F01_R01_03	   24.62147	-1373.33715	-1348.71568
ITCC.P4_s05_OS0426_PR08_F01_R01_03	 -836.4556	-1855.3373	-2691.7929
ITCC.P4_s13_OS0431_PR07_F01_R01_03	  -56.8292	-1158.9332	-1215.7624
ITCC.P4_s13_OS0444_PR04_F01_R01_03	-1489.401	-1723.972	-3213.373
ITCC.P4_s05_OS0454_PM01_F01_R01_03	-1745.076	-1986.010	-3731.086
ITCC.P4_s13_OS0454_TM01_F01_R01_A03	1039.652	1053.995	2093.647
ITCC.P4_s05_OS0458_PR01_F01_R01_03	-1395.903	-2303.717	-3699.620
ITCC.P4_s05_OS0459_PP01_F01_R01_03	-1684.114	-1956.662	-3640.776
ITCC.P4_s05_OS0459_PP02_F01_R01_03	-1860.538	-1934.725	-3795.264
ITCC.P4_s13_OS0504_PR04_F01_R01_03	-1042.177	-1236.415	-2278.592
ITCC.P4_s04_OS0582_PM01_F01_R01_03	  -90.79727	-1140.71037	-1231.50765
ITCC.P4_s05_RS0141_PR01_F01_R01_03	-2003.848	-2340.878	-4344.726
ITCC.P4_s05_RS0144_PR09_F01_R01_03	-1982.350	-2216.347	-4198.697
ITCC.P4_s05_RS0146_TP01_F01_R01_03	 804.3194	-307.6975	 496.6219
ITCC.P4_s05_RS0146_PP02_F01_R01_03	 -282.9041	-1707.7330	-1990.6371
ITCC.P4_s05_RS0147_TP01_F01_R01_03	 34.56009	-81.61645	-47.05636
ITCC.P4_s05_RS0147_PP03_F01_R01_03	-2129.614	-2345.425	-4475.039
ITCC.P4_s05_RS0178_PR04_F01_R01_03	-2182.681	-2472.547	-4655.228
ITCC.P4_s05_RS0189_PR08_F01_R01_03	-2325.335	-2305.886	-4631.221
ITCC.P4_s05_RS0192_PR08_F01_R01_03	-2205.854	-1990.532	-4196.386
ITCC.P4_s13_RS0228_PR07_F01_R01_03	 -352.1927	-1714.9787	-2067.1714
ITCC.P4_s13_RS0238_PR05_F01_R01_03	-2151.843	-2332.567	-4484.410
ITCC.P4_s13_RS0252_PR04_F01_R01_03	-1802.284	-2322.177	-4124.461
ITCC.P4_s05_RS0253_PR06_F01_R01_03	-1725.405	-2208.262	-3933.666
ITCC.P4_s04_RS0396_PP01_F01_R01_03	 -115.4754	-1508.1571	-1623.6325
ITCC.P4_s04_RS0404_PM01_F01_R01_03	-1089.958	-2026.161	-3116.119
ITCC.P4_s04_RS0406_PM01_F01_R01_03	-1879.975	-1566.291	-3446.265
ITCC.P4_s04_RS0417_PR01_F01_R01_03	-1255.643	-2480.926	-3736.569
ITCC.P4_s05_RS0432_PR07_F01_R01_03	-2269.851	-2201.503	-4471.354
ITCC.P4_s05_RS0456_PR01_F01_R01_03	-1892.173	-2257.667	-4149.840
ITCC.P4_s13_RS0456_TR01_F01_R01_A03	  -96.17761	 -984.11794	-1080.29555
ITCC.P4_s15_RS0599_TR01_F01_R01_03	1278.8717	 820.9462	2099.8179
ITCC.P4_s15_RS0599_PR04_F01_R01_03	-2004.924	-2384.803	-4389.728
ITCC.P4_s15_RS0599_TR02_F01_R01_03	1996.724	3380.078	5376.802
ITCC.P4_s15_RS0599_TR03_F01_R01_03	1362.298	1730.420	3092.718
ITCC.P4_s15_RS0599_PR06_F01_R01_03	-1849.954	-2521.234	-4371.188
ITCC.P4_s15_RS0599_PR05_F01_R01_03	-1895.604	-2419.149	-4314.752
ITCC.P4_s04_RT0414_PP01_F01_R01_03	-2448.060	-1944.817	-4392.878
ITCC.P4_s01_RT0423_PP01_F01_R01_A03	-2219.316	-2432.079	-4651.396
ITCC.P4_s04_SS0415_PR01_F01_R01_03	-1640.329	-2236.440	-3876.769
ITCC.P4_s01_XT0163_TM01_F01_R01_A03	  34.28231	1333.36031	1367.64261
ITCC.P4_s04_XT0331_PM01_F01_R01_03	-2191.579	-1979.907	-4171.486
ITCC.P4_s01_XT0554_PU01_F01_R01_A03	-71.3862	328.8029	257.4167
ITCC.P4_s01_XT0556_PU01_F01_R01_A03	-2295.987	-2434.522	-4730.508
ITCC.P4_s01_XT0561_TP01_F01_R01_A03	-979.4626	 123.4529	-856.0098
ITCC.P4_s05_XX0452_PM01_F01_R01_03	-1234.831	-1873.483	-3108.314
ITCC.P4_s13_XX0452_TM01_F01_R01_A03	-508.9090	-311.0644	-819.9733
